1 1 100
150
80
0 10
10 0
4 3 200
1 1 1 1
1 1 1 1
0 30 20 10 50
30 0 15 40 60
20 15 0 16 40
10 40 16 0 35
50 60 40 35 0
4 3 350
50 100 150 70
40 50 70 60
0 30 20 10 50
30 0 15 40 60
20 15 0 16 40
10 40 16 0 35
50 60 40 35 0
10 5 5890
456 429 284 367 50 29 286 481 193 264
36 326 209 380 310 150 413 11 357 109
0 78 57 90 38 95 94 54 70 38 86
78 0 96 31 91 55 88 15 58 66 24
57 96 0 11 95 53 17 93 82 81 25
90 31 11 0 18 88 13 73 32 50 38
38 91 95 18 0 79 22 40 70 89 12
95 55 53 88 79 0 10 96 24 89 74
94 88 17 13 22 10 0 99 90 78 16
54 15 93 73 40 96 99 0 70 40 85
70 58 82 32 70 24 90 70 0 92 27
38 66 81 50 89 89 78 40 92 0 98
86 24 25 38 12 74 16 85 27 98 0
0 0 0
